casos_sub
101.28571428571429
101.28571428571429
101.28571428571429
101.28571428571429
101.28571428571429
101.28571428571429
101.28571428571429
167.28571428571428
265.57142857142856
364.0
463.14285714285717
561.1428571428571
671.0
779.4285714285714
891.0
982.5714285714286
1074.142857142857
1187.857142857143
1325.142857142857
1463.5714285714287
1614.142857142857
1788.142857142857
2009.857142857143
2237.0
2476.1428571428573
2734.8571428571427
3010.1428571428573
3279.4285714285716
3536.285714285714
3804.8571428571427
4078.0
4346.714285714285
4569.428571428572
4804.142857142857
5045.428571428572
5293.142857142857
5567.571428571428
5914.857142857143
6259.428571428572
6643.428571428572
6997.0
7338.428571428572
7672.571428571428
8097.857142857143
8596.0
9086.142857142857
9567.857142857143
10054.42857142857
10556.857142857143
11056.0
11497.285714285714
11812.0
12119.142857142857
12435.57142857143
12746.57142857143
13046.142857142857
13347.714285714286
13549.0
13755.285714285714
13946.57142857143
14117.142857142857
14276.142857142857
14419.42857142857
14571.57142857143
14714.714285714286
14823.57142857143
14953.0
15083.714285714286
15224.857142857143
15371.0
15495.285714285714
15611.42857142857
15727.57142857143
15833.57142857143
15932.285714285714
16010.714285714286
16090.0
16162.714285714286
16227.0
16291.285714285714
16353.714285714286
16410.714285714286
16471.0
16529.0
16592.428571428572
16656.285714285714
16720.14285714286
16779.714285714286
16837.0
16890.285714285714
16934.428571428572
16970.428571428572
17003.285714285714
17036.14285714286
17073.285714285714
17107.14285714286
17140.85714285714
17181.14285714286
17223.428571428572
17264.0
17304.571428571428
17341.285714285714
17378.571428571428
17418.85714285714
17453.14285714286
17480.285714285714
17506.0
17532.285714285714
17554.428571428572
17574.0
17583.85714285714
17591.0
17598.428571428572
17606.0
17613.0
17616.714285714286
17620.428571428572
17625.285714285714
17632.285714285714
17641.14285714286
17650.0
17658.85714285714
17666.571428571428
17677.428571428572
17687.0
17694.571428571428
17701.0
17709.571428571428
17718.14285714286
17726.571428571428
17733.14285714286
17746.14285714286
17764.571428571428
17786.85714285714
17806.85714285714
17826.85714285714
17847.0
17865.0
17876.571428571428
17882.714285714286
17890.85714285714
17899.0
17907.14285714286
17927.571428571428
17956.428571428572
18000.0
18051.571428571428
18111.85714285714
18194.0
18276.14285714286
18357.428571428572
18450.571428571428
18541.85714285714
18625.0
18745.85714285714
18846.571428571428
18947.285714285714
19065.14285714286
19189.285714285714
19328.285714285714
19508.14285714286
19670.285714285714
19845.0
20019.714285714286
20191.0
20358.428571428572
20517.714285714286
20636.14285714286
20728.714285714286
20807.14285714286
20885.571428571428
20950.85714285714
21015.85714285714
21097.714285714286
21206.0
21324.285714285714
21452.85714285714
21581.428571428572
21723.714285714286
21868.0
22013.428571428572
22171.14285714286
22341.714285714286
22542.85714285714
22744.285714285714
22949.285714285714
23162.14285714286
23374.285714285714
23593.0
23801.571428571428
23999.14285714286
24196.428571428572
24400.14285714286
24606.85714285714
24797.428571428572
24957.85714285714
25103.428571428572
25230.571428571428
25357.714285714286
25451.714285714286
25523.428571428572
25586.571428571428
25654.428571428572
25728.714285714286
25793.14285714286
25857.714285714286
25928.85714285714
25994.428571428572
26059.428571428572
26120.0
26177.571428571428
26258.285714285714
26338.85714285714
26410.428571428572
26485.285714285714
26559.0
26624.714285714286
26690.0
26730.571428571428
26771.14285714286
26818.0
26868.285714285714
26913.428571428572
26954.428571428572
26988.571428571428
27025.428571428572
27062.285714285714
27098.714285714286
27129.0
27165.14285714286
27203.714285714286
27246.0
27285.428571428572
27324.85714285714
27361.285714285714
27395.0
27421.285714285714
27445.285714285714
27465.285714285714
27485.285714285714
27505.285714285714
27528.285714285714
27546.571428571428
27563.714285714286
27580.0
27595.0
27610.0
27625.0
27637.428571428572
27651.571428571428
27663.14285714286
27674.714285714286
27687.0
27699.428571428572
27711.85714285714
27723.85714285714
27734.714285714286
27745.714285714286
27755.714285714286
27762.85714285714
27769.85714285714
27776.85714285714
27780.714285714286
27782.428571428572
27784.0
27784.0
27784.428571428572
27785.571428571428
27786.714285714286
27788.14285714286
27789.714285714286
27791.428571428572
27793.14285714286
27794.428571428572
27795.0
27795.571428571428
27795.85714285714
27796.428571428572
27798.714285714286
27801.285714285714
27803.85714285714
27806.428571428572
27809.0
27811.85714285714
27814.714285714286
27815.714285714286
27817.571428571428
27820.285714285714
27823.0
27825.714285714286
27828.714285714286
27832.714285714286
27836.714285714286
27839.571428571428
27846.0
27852.428571428572
27858.85714285714
27868.85714285714
27879.0
27891.14285714286
27905.14285714286
27914.714285714286
27924.285714285714
27933.85714285714
27942.428571428572
27951.85714285714
27959.285714285714
27965.14285714286
27971.714285714286
27978.285714285714
27984.85714285714
27992.428571428572
28004.285714285714
28019.0
28039.428571428572
28062.428571428572
28085.571428571428
28108.714285714286
28127.714285714286
28140.0
28165.0
28195.14285714286
28226.14285714286
28261.14285714286
28300.14285714286
28343.285714285714
28408.0
28488.85714285714
28576.85714285714
28677.14285714286
28773.285714285714
28865.428571428572
28953.428571428572
29020.14285714286
29055.428571428572
29072.714285714286
29073.85714285714
29075.0
29076.14285714286
29084.14285714286
29105.571428571428
29142.428571428572
29195.285714285714
29251.0
29338.571428571428
29426.14285714286
29542.714285714286
29676.571428571428
29825.714285714286
30001.714285714286
30206.0
30409.428571428572
30613.0
30820.0
31014.428571428572
31205.571428571428
31375.0
31532.0
31658.14285714286
31784.14285714286
31880.428571428572
31976.714285714286
32060.428571428572
32148.285714285714
32234.571428571428
