casos_sub
5.428571428571429
5.428571428571429
5.428571428571429
5.428571428571429
5.428571428571429
5.428571428571429
5.428571428571429
6.571428571428571
7.714285714285714
8.714285714285714
9.285714285714286
10.142857142857142
12.0
13.857142857142858
17.142857142857142
22.857142857142858
29.428571428571427
36.285714285714285
42.714285714285715
48.0
53.42857142857143
57.714285714285715
60.42857142857143
63.57142857142857
66.57142857142857
70.42857142857143
75.28571428571429
81.28571428571429
89.0
95.85714285714286
101.71428571428571
107.42857142857143
113.42857142857143
121.0
128.42857142857142
134.57142857142858
141.57142857142858
148.42857142857142
155.28571428571428
161.71428571428572
167.14285714285714
172.85714285714286
180.57142857142858
187.71428571428572
195.14285714285714
202.57142857142858
210.71428571428572
218.0
224.14285714285714
228.28571428571428
233.42857142857142
238.14285714285714
243.0
246.42857142857142
250.71428571428572
254.85714285714286
259.57142857142856
265.14285714285717
271.0
276.85714285714283
283.85714285714283
291.7142857142857
302.85714285714283
315.85714285714283
330.57142857142856
345.7142857142857
360.7142857142857
376.85714285714283
392.85714285714283
410.2857142857143
424.85714285714283
437.0
449.85714285714283
462.7142857142857
476.0
488.42857142857144
496.42857142857144
525.4285714285714
567.7142857142857
617.7142857142857
667.7142857142857
721.7142857142857
788.1428571428571
867.0
930.5714285714286
991.8571428571429
1054.5714285714287
1117.857142857143
1186.857142857143
1247.7142857142858
1311.142857142857
1381.142857142857
1439.2857142857142
1491.0
1542.4285714285713
1598.2857142857142
1656.7142857142858
1708.857142857143
1756.2857142857142
1809.4285714285713
1865.4285714285713
1921.5714285714287
1969.7142857142858
2018.5714285714287
2062.714285714286
2102.285714285714
2136.1428571428573
2203.714285714286
2270.8571428571427
2344.285714285714
2426.714285714286
2529.285714285714
2644.4285714285716
2765.714285714286
2864.1428571428573
2962.8571428571427
3053.714285714286
3136.1428571428573
3232.1428571428573
3343.4285714285716
3464.4285714285716
3568.0
3671.5714285714284
3781.5714285714284
3906.0
4031.1428571428573
4139.714285714285
4243.285714285715
4364.428571428572
4485.714285714285
4602.0
4707.285714285715
4788.0
4877.0
4969.142857142857
5047.142857142857
5125.142857142857
5209.285714285715
5299.428571428572
5400.428571428572
5488.857142857143
5596.571428571428
5705.0
5813.285714285715
5939.142857142857
6062.571428571428
6179.285714285715
6313.714285714285
6425.428571428572
6533.0
6640.857142857143
6727.857142857143
6823.142857142857
6917.571428571428
7003.142857142857
7096.285714285715
7189.285714285715
7282.571428571428
7365.428571428572
7445.285714285715
7530.0
7615.857142857143
7707.285714285715
7799.0
7889.857142857143
8016.0
8147.142857142857
8278.57142857143
8411.0
8549.142857142857
8708.0
8867.0
9014.857142857143
9165.714285714286
9320.285714285714
9478.285714285714
9640.857142857143
9794.0
9947.42857142857
10097.714285714286
10231.285714285714
10368.57142857143
10499.142857142857
10618.42857142857
10733.857142857143
10849.0
10953.714285714286
11065.57142857143
11165.285714285714
11279.857142857143
11406.857142857143
11530.857142857143
11655.142857142857
11767.714285714286
11878.0
11983.285714285714
12076.0
12158.142857142857
12246.285714285714
12339.142857142857
12439.857142857143
12532.57142857143
12619.857142857143
12714.714285714286
12813.42857142857
12924.42857142857
13031.285714285714
13145.714285714286
13276.57142857143
13424.857142857143
13553.57142857143
13654.142857142857
13731.857142857143
13808.857142857143
13870.42857142857
13919.0
13949.57142857143
13971.857142857143
13993.285714285714
14014.285714285714
14035.0
14114.142857142857
14188.285714285714
14264.0
14354.57142857143
14455.57142857143
14560.142857142857
14665.285714285714
14723.0
14779.857142857143
14839.42857142857
14909.42857142857
14972.714285714286
15041.714285714286
15111.57142857143
15178.285714285714
15258.714285714286
15333.857142857143
15386.714285714286
15441.0
15489.857142857143
15537.57142857143
15585.42857142857
15633.57142857143
15697.142857142857
15774.857142857143
15861.142857142857
15969.142857142857
16076.857142857143
16192.0
16307.0
16411.428571428572
16520.428571428572
16623.428571428572
16700.85714285714
16778.714285714286
16845.85714285714
16891.571428571428
16964.85714285714
17031.0
17113.428571428572
17195.85714285714
17278.571428571428
17368.571428571428
17470.428571428572
17549.285714285714
17620.14285714286
17667.0
17713.85714285714
17760.714285714286
17817.571428571428
17881.14285714286
17954.285714285714
