cases_7-dma
185.28571428571428
185.28571428571428
185.28571428571428
185.28571428571428
185.28571428571428
185.28571428571428
185.28571428571428
289.85714285714283
403.2857142857143
531.0
658.0
767.4285714285714
891.7142857142857
1030.5714285714287
1170.7142857142858
1338.7142857142858
1516.142857142857
1695.857142857143
1903.857142857143
2091.714285714286
2262.8571428571427
2438.285714285714
2603.8571428571427
2762.5714285714284
2919.8571428571427
3065.0
3216.285714285714
3374.714285714286
3535.1428571428573
3702.0
3854.8571428571427
4008.714285714286
4153.857142857143
4291.428571428572
4416.714285714285
4528.142857142857
4618.571428571428
4706.428571428572
4793.428571428572
4899.0
5008.571428571428
5123.857142857143
5245.142857142857
5382.142857142857
5522.571428571428
5663.571428571428
5783.0
5901.857142857143
6016.428571428572
6125.857142857143
6230.428571428572
6332.428571428572
6433.714285714285
6534.428571428572
6634.285714285715
6727.142857142857
6813.714285714285
6889.428571428572
6973.428571428572
7057.285714285715
7128.428571428572
7199.571428571428
7285.571428571428
7390.857142857143
7516.285714285715
7638.714285714285
7762.857142857143
7901.714285714285
8047.571428571428
8184.428571428572
8311.285714285714
8416.42857142857
8527.42857142857
8638.57142857143
8754.142857142857
8855.714285714286
8961.857142857143
9064.42857142857
9180.285714285714
9296.42857142857
9412.285714285714
9534.857142857143
9678.857142857143
9822.857142857143
9989.714285714286
10156.57142857143
10345.42857142857
10533.714285714286
10721.42857142857
10894.57142857143
11074.0
11246.714285714286
11399.142857142857
11520.57142857143
11641.42857142857
11753.857142857143
11879.714285714286
11996.142857142857
12117.857142857143
12255.857142857143
12405.714285714286
12559.285714285714
12712.857142857143
12858.57142857143
13013.285714285714
13171.285714285714
13336.857142857143
13495.857142857143
13651.42857142857
13807.42857142857
13966.42857142857
14106.57142857143
14253.714285714286
14415.42857142857
14595.0
14775.142857142857
14971.57142857143
15172.857142857143
15399.285714285714
15608.285714285714
15790.857142857143
16004.57142857143
16218.857142857143
16433.428571428572
16656.428571428572
16861.285714285714
17057.14285714286
17272.571428571428
17433.0
17592.285714285714
17727.714285714286
17867.285714285714
18006.714285714286
18142.285714285714
18266.14285714286
18429.0
18593.571428571428
18752.571428571428
18898.571428571428
19058.571428571428
19236.571428571428
19410.714285714286
19551.0
19689.714285714286
19851.428571428572
20001.428571428572
20142.14285714286
20246.714285714286
20360.85714285714
20481.14285714286
20605.85714285714
20721.85714285714
20855.285714285714
21000.285714285714
21157.571428571428
21323.714285714286
21503.85714285714
21684.0
21848.85714285714
21986.85714285714
22143.428571428572
22333.285714285714
22532.285714285714
22782.85714285714
23033.428571428572
23336.714285714286
23691.285714285714
24027.714285714286
24366.428571428572
24696.285714285714
24991.571428571428
25285.85714285714
25566.85714285714
25823.571428571428
26083.571428571428
26339.0
26582.285714285714
26805.571428571428
27029.14285714286
27227.285714285714
27392.714285714286
27552.0
27699.571428571428
27866.0
28031.285714285714
28205.85714285714
28388.285714285714
28589.571428571428
28792.14285714286
28988.0
29148.0
29297.428571428572
29436.85714285714
29560.285714285714
29688.0
29794.571428571428
29886.428571428572
30005.714285714286
30118.428571428572
30228.714285714286
30334.285714285714
30452.428571428572
30583.285714285714
30726.14285714286
30845.285714285714
30965.14285714286
31083.571428571428
31208.571428571428
31309.714285714286
31407.0
31503.571428571428
31606.428571428572
31714.14285714286
31821.428571428572
31929.428571428572
32041.0
32154.285714285714
32263.571428571428
32365.85714285714
32464.285714285714
32564.14285714286
32657.428571428572
32745.85714285714
32829.71428571428
32895.42857142857
32949.0
32993.42857142857
33036.0
33066.57142857143
33079.857142857145
33080.142857142855
33080.42857142857
33080.57142857143
33080.857142857145
33081.142857142855
33081.42857142857
33081.57142857143
33081.857142857145
33082.142857142855
33082.42857142857
33082.57142857143
33082.857142857145
33083.142857142855
33083.42857142857
33083.57142857143
33083.857142857145
33084.142857142855
33084.42857142857
33084.57142857143
33084.857142857145
33085.142857142855
33085.42857142857
33085.57142857143
33085.857142857145
33086.142857142855
33086.42857142857
33086.57142857143
33086.857142857145
33087.142857142855
33102.57142857143
33133.0
33178.57142857143
33239.28571428572
33315.142857142855
33406.0
33512.142857142855
33618.28571428572
33724.42857142857
33830.57142857143
33936.71428571428
34042.857142857145
34149.0
34255.0
34380.28571428572
34491.71428571428
34588.0
34669.142857142855
34746.42857142857
34813.57142857143
34868.57142857143
34889.28571428572
34910.28571428572
34932.71428571428
34956.71428571428
34980.28571428572
34998.857142857145
35015.28571428572
35032.71428571428
35050.857142857145
35067.71428571428
35083.0
35091.142857142855
35102.28571428572
35114.142857142855
35126.0
35136.71428571428
35147.28571428572
35157.857142857145
35169.57142857143
35181.142857142855
35193.142857142855
35204.0
35213.71428571428
35223.57142857143
35233.42857142857
35238.57142857143
35240.857142857145
35243.57142857143
35247.57142857143
35251.71428571428
35255.857142857145
35260.0
35265.42857142857
35271.857142857145
35281.71428571428
35291.0
35300.142857142855
35309.142857142855
35318.142857142855
35325.71428571428
35333.71428571428
35337.0
35340.42857142857
35344.142857142855
35355.57142857143
35367.0
35378.71428571428
35389.142857142855
35399.57142857143
35409.857142857145
35420.142857142855
35422.71428571428
35425.28571428572
35427.857142857145
35430.28571428572
35432.857142857145
35436.142857142855
35439.42857142857
35442.71428571428
35446.0
35450.28571428572
35455.71428571428
35468.28571428572
35480.0
35492.142857142855
35504.857142857145
35518.142857142855
35530.857142857145
35543.0
35547.42857142857
35551.857142857145
35556.142857142855
35560.57142857143
35565.0
35569.28571428572
35573.71428571428
35578.0
35581.71428571428
35584.857142857145
35587.28571428572
35589.142857142855
35590.42857142857
35591.0
35598.57142857143
35607.42857142857
