cases_7-dma
1.5714285714285714
1.5714285714285714
1.5714285714285714
1.5714285714285714
1.5714285714285714
1.5714285714285714
1.5714285714285714
1.7142857142857142
2.0
2.7142857142857144
3.2857142857142856
4.714285714285714
6.571428571428571
8.428571428571429
10.714285714285714
14.428571428571429
19.857142857142858
25.285714285714285
32.42857142857143
39.142857142857146
57.714285714285715
77.42857142857143
103.85714285714286
134.57142857142858
172.0
206.85714285714286
241.71428571428572
264.7142857142857
286.14285714285717
358.7142857142857
450.14285714285717
555.5714285714286
661.0
766.4285714285714
898.8571428571429
1124.4285714285713
1366.7142857142858
1640.4285714285713
1948.7142857142858
2299.0
2665.8571428571427
3026.0
3365.0
3726.285714285714
4106.571428571428
4503.714285714285
4880.142857142857
5271.571428571428
5652.142857142857
6001.714285714285
6404.142857142857
6751.428571428572
7146.0
7617.0
8090.714285714285
8576.0
9095.57142857143
9513.714285714286
9987.57142857143
10424.142857142857
10948.42857142857
11497.714285714286
12094.0
12816.142857142857
13665.714285714286
14654.857142857143
15695.857142857143
16609.571428571428
17510.85714285714
18380.0
19200.428571428572
20136.0
21010.85714285714
21908.0
22949.85714285714
24019.14285714286
25118.85714285714
26196.285714285714
27227.0
28312.714285714286
29544.85714285714
30779.428571428572
32011.428571428572
33213.857142857145
34493.57142857143
35788.42857142857
37156.71428571428
38439.71428571428
39790.857142857145
41161.71428571428
42592.57142857143
44008.857142857145
45408.57142857143
47018.28571428572
48842.28571428572
50804.0
52890.28571428572
55022.0
57434.71428571428
59936.57142857143
62312.0
64556.57142857143
66734.0
68829.0
70910.85714285714
72851.28571428571
74805.57142857143
76766.85714285714
78791.0
80814.42857142857
83157.57142857143
85693.14285714286
88500.28571428571
91025.28571428571
93233.0
96059.42857142857
98568.85714285714
100760.57142857143
102801.0
104592.14285714286
106753.42857142857
109436.42857142857
111687.28571428571
114139.85714285714
116649.14285714286
119117.85714285714
121532.85714285714
123828.14285714286
126352.85714285714
128625.85714285714
130769.14285714286
133021.42857142858
135195.57142857142
137393.14285714287
139571.0
141250.2857142857
143015.57142857142
144958.85714285713
146806.7142857143
148775.57142857142
151104.14285714287
153354.57142857142
155569.2857142857
157596.85714285713
159558.14285714287
161453.42857142858
163215.57142857142
164501.14285714287
166043.0
167681.2857142857
169476.42857142858
171479.42857142858
173437.14285714287
175677.0
178235.14285714287
180764.85714285713
183618.2857142857
186671.14285714287
189608.14285714287
192560.57142857142
195228.85714285713
197739.0
200206.85714285713
202474.7142857143
204461.7142857143
206437.85714285713
208387.85714285713
210334.14285714287
212329.14285714287
214906.0
217998.0
221214.85714285713
224359.42857142858
227469.7142857143
230588.85714285713
233544.57142857142
235826.7142857143
237335.42857142858
238564.2857142857
240131.85714285713
241780.0
243432.42857142858
245180.57142857142
246887.42857142858
248656.2857142857
250645.14285714287
252221.7142857143
253703.85714285713
255163.7142857143
256709.42857142858
258210.42857142858
259770.42857142858
261159.14285714287
262580.4285714286
264007.4285714286
265432.71428571426
266483.5714285714
267545.0
268464.85714285716
269411.28571428574
270367.85714285716
271325.0
272298.4285714286
273426.14285714284
274523.71428571426
275622.0
276753.0
277902.14285714284
279049.4285714286
280190.28571428574
281334.71428571426
282447.85714285716
283543.4285714286
284587.28571428574
285582.71428571426
286555.5714285714
287518.4285714286
288459.4285714286
289401.14285714284
290308.0
291172.85714285716
292037.0
292893.14285714284
293744.4285714286
294566.4285714286
295354.4285714286
296096.5714285714
296831.14285714284
297581.5714285714
298382.14285714284
299181.5714285714
299841.0
300503.85714285716
301202.85714285716
301929.5714285714
302628.4285714286
303280.71428571426
303926.28571428574
304671.85714285716
305387.14285714284
306069.85714285716
306804.5714285714
307563.71428571426
308370.14285714284
309193.14285714284
310079.4285714286
311006.5714285714
311996.85714285716
312962.28571428574
313859.0
314730.28571428574
315593.85714285716
316294.0
316981.5714285714
317574.0
317987.0
318299.28571428574
318576.5714285714
318835.14285714284
319825.0
320807.14285714284
321954.14285714284
323353.71428571426
324940.85714285716
326570.85714285716
328227.5714285714
329448.5714285714
330780.71428571426
332140.4285714286
333574.14285714284
335041.4285714286
336537.0
338049.4285714286
339451.28571428574
340981.5714285714
342403.28571428574
343637.0
344850.71428571426
346077.4285714286
347302.0
348633.71428571426
349884.85714285716
351259.5714285714
352797.4285714286
354441.14285714284
356092.5714285714
357740.85714285716
359362.4285714286
361000.5714285714
362627.4285714286
364231.71428571426
365793.0
367291.14285714284
368792.4285714286
370132.4285714286
371161.71428571426
372567.5714285714
373983.5714285714
375492.4285714286
376972.5714285714
378515.5714285714
380263.5714285714
382356.28571428574
384115.5714285714
385730.14285714284
387048.28571428574
388460.71428571426
389838.0
391371.5714285714
393019.71428571426
394719.14285714284
