casos_sub
664.4285714285714
664.4285714285714
664.4285714285714
664.4285714285714
664.4285714285714
664.4285714285714
664.4285714285714
929.0
1210.857142857143
1501.7142857142858
1820.142857142857
2141.8571428571427
2519.285714285714
2949.0
3376.4285714285716
3810.714285714286
4257.142857142857
4811.142857142857
5466.428571428572
6212.857142857143
7060.285714285715
8137.428571428572
9261.285714285714
10387.57142857143
11551.57142857143
12618.57142857143
13838.0
15125.57142857143
16513.85714285714
17929.0
19359.571428571428
20874.0
22353.714285714286
24045.428571428572
25696.714285714286
27238.85714285714
28742.714285714286
30262.85714285714
31722.571428571428
33463.0
34958.28571428572
36559.42857142857
38236.57142857143
39904.0
41549.142857142855
43158.0
44687.42857142857
46129.57142857143
47426.42857142857
48599.142857142855
49789.57142857143
50957.0
52100.71428571428
53181.857142857145
54221.57142857143
55157.71428571428
55982.857142857145
56763.71428571428
57542.28571428572
58145.142857142855
58612.142857142855
59013.57142857143
59404.71428571428
59823.857142857145
60232.0
60642.71428571428
61155.142857142855
61739.142857142855
62339.71428571428
62925.0
63482.857142857145
64036.57142857143
64579.42857142857
65124.57142857143
65647.0
66142.14285714286
66635.28571428571
67098.28571428571
67571.42857142857
68043.57142857143
68444.42857142857
68806.57142857143
69114.71428571429
69390.85714285714
69661.71428571429
69936.42857142857
70210.42857142857
70488.85714285714
70795.28571428571
71165.0
71557.85714285714
71908.14285714286
72255.28571428571
72603.71428571429
72943.14285714286
73266.57142857143
73547.85714285714
73784.14285714286
74047.0
74308.28571428571
74568.57142857143
74818.85714285714
75039.42857142857
75289.0
75547.28571428571
75791.14285714286
76016.71428571429
76253.42857142857
76496.14285714286
76743.42857142857
76919.14285714286
77070.85714285714
77193.0
77317.57142857143
77442.85714285714
77552.57142857143
77675.42857142857
77842.0
78019.28571428571
78196.28571428571
78373.14285714286
78538.85714285714
78684.85714285714
78812.85714285714
78939.57142857143
79178.71428571429
79487.42857142857
79801.42857142857
80113.85714285714
80435.57142857143
80749.42857142857
81035.42857142857
81218.0
81369.57142857143
81535.14285714286
81701.28571428571
81907.14285714286
82137.85714285714
82351.57142857143
82548.85714285714
82771.0
82990.57142857143
83214.0
83420.42857142857
83622.57142857143
83858.28571428571
84138.14285714286
84499.0
84865.85714285714
85252.71428571429
85688.28571428571
86134.14285714286
86582.85714285714
86976.14285714286
87311.0
87627.0
87920.57142857143
88215.71428571429
88533.28571428571
88889.14285714286
89332.28571428571
89751.28571428571
90202.71428571429
90655.14285714286
91125.85714285714
91641.57142857143
92206.14285714286
92711.57142857143
93190.85714285714
93646.42857142857
94110.71428571429
94588.14285714286
95061.71428571429
95561.28571428571
96178.71428571429
96855.42857142857
97539.14285714286
98226.14285714286
98953.42857142857
99717.57142857143
100585.57142857143
101582.85714285714
102724.42857142857
103902.42857142857
105075.28571428571
106273.14285714286
107502.71428571429
108650.85714285714
109692.28571428571
110644.0
111562.28571428571
112477.42857142857
113370.57142857143
114203.57142857143
115012.14285714286
115765.71428571429
116528.57142857143
117277.85714285714
118027.42857142857
118740.71428571429
119449.85714285714
120107.42857142857
120742.71428571429
121327.42857142857
121912.0
122491.28571428571
123021.28571428571
123531.85714285714
124014.42857142857
124514.0
125001.57142857143
125481.14285714286
125963.42857142857
126406.42857142857
126792.0
127172.0
127538.57142857143
127861.57142857143
128186.0
128506.42857142857
128837.28571428571
129189.28571428571
129519.42857142857
129830.71428571429
130160.0
130485.71428571429
130816.57142857143
131145.85714285713
131452.2857142857
131747.85714285713
132001.85714285713
132222.0
132455.42857142858
132698.0
132930.14285714287
133184.0
133463.2857142857
133751.0
134041.42857142858
134325.7142857143
134595.2857142857
134851.42857142858
135060.42857142858
135242.7142857143
135423.2857142857
135626.2857142857
135825.85714285713
136028.14285714287
136248.0
136489.0
136692.57142857142
136886.14285714287
137051.0
137211.2857142857
137372.7142857143
137495.0
137624.14285714287
137780.14285714287
137942.7142857143
138098.2857142857
138253.85714285713
138415.2857142857
138605.14285714287
138780.0
138968.14285714287
139161.57142857142
139393.0
139629.2857142857
139865.57142857142
140128.85714285713
140405.0
140692.2857142857
140978.7142857143
141258.2857142857
141543.0
141819.85714285713
142074.7142857143
142314.0
142538.2857142857
142768.2857142857
142979.42857142858
143181.57142857142
143381.7142857143
143600.14285714287
143827.0
144019.14285714287
144188.42857142858
144354.57142857142
144519.57142857142
144689.42857142858
144835.0
145003.2857142857
145169.0
145309.7142857143
145509.2857142857
145712.2857142857
145915.42857142858
146132.85714285713
146327.2857142857
146535.85714285713
146778.0
146928.57142857142
147076.7142857143
147224.85714285713
147340.2857142857
147440.14285714287
147534.7142857143
147603.14285714287
147686.2857142857
147769.57142857142
147855.14285714287
147970.7142857143
148121.57142857142
148291.42857142858
148509.42857142858
148759.7142857143
149020.57142857142
149279.2857142857
149513.14285714287
149694.14285714287
149927.14285714287
150171.7142857143
150424.7142857143
150688.42857142858
150951.42857142858
151211.7142857143
151525.14285714287
151865.0
152229.2857142857
152621.14285714287
152992.7142857143
153360.7142857143
153720.85714285713
154034.57142857142
154279.57142857142
154500.42857142858
154704.14285714287
154917.42857142858
155140.2857142857
155428.42857142858
155800.57142857142
156192.14285714287
156575.2857142857
156918.57142857142
157254.2857142857
157580.0
157864.14285714287
158105.57142857142
158323.57142857142
158525.0
158718.85714285713
158915.42857142858
159120.14285714287
159311.14285714287
159473.85714285713
159633.42857142858
159763.7142857143
159900.14285714287
160031.14285714287
160154.57142857142
160282.14285714287
160407.42857142858
160543.2857142857
160688.7142857143
160826.2857142857
