cases_7-dma
5001.714285714285
5001.714285714285
5001.714285714285
5001.714285714285
5001.714285714285
5001.714285714285
5001.714285714285
7056.857142857143
9429.42857142857
11845.714285714286
14279.714285714286
16664.714285714286
19102.85714285714
21504.285714285714
23925.285714285714
26387.14285714286
28877.14285714286
31362.428571428572
33966.0
36543.71428571428
39121.142857142855
41448.57142857143
43767.42857142857
46051.142857142855
48321.0
50262.42857142857
52188.71428571428
54211.71428571428
56456.28571428572
58660.857142857145
60846.857142857145
63021.857142857145
65478.42857142857
67898.28571428571
70270.71428571429
72522.42857142857
74731.0
76945.0
79171.28571428571
81340.28571428571
83477.0
85462.28571428571
87462.85714285714
89432.57142857143
91371.28571428571
93309.71428571429
95192.42857142857
97057.28571428571
98971.0
100829.0
102679.57142857143
104565.0
106472.57142857143
108370.85714285714
110235.42857142857
112113.85714285714
113991.42857142857
115835.14285714286
117682.85714285714
119534.85714285714
121335.14285714286
123166.71428571429
124995.42857142857
126928.28571428571
128975.71428571429
131093.57142857142
133258.57142857142
135622.57142857142
138079.85714285713
140636.85714285713
143227.42857142858
145875.42857142858
148565.57142857142
151289.42857142858
154087.0
156977.42857142858
159935.14285714287
163018.0
166233.85714285713
169448.0
172652.0
175901.7142857143
179225.7142857143
182617.2857142857
186047.14285714287
189428.42857142858
192863.57142857142
196300.14285714287
199822.2857142857
203895.42857142858
208601.7142857143
213236.85714285713
217529.42857142858
221729.0
225912.0
230379.57142857142
234386.42857142858
237825.42857142858
241357.85714285713
245228.57142857142
249146.42857142858
253093.57142857142
256632.85714285713
260022.0
263338.28571428574
266634.4285714286
269936.85714285716
273130.85714285716
276295.5714285714
279474.71428571426
282629.85714285716
285500.85714285716
288340.14285714284
291135.14285714284
293954.85714285716
296759.5714285714
299514.4285714286
302267.0
305152.4285714286
307895.28571428574
310536.28571428574
313135.71428571426
315682.14285714284
318098.14285714284
320330.0
322461.5714285714
324518.4285714286
326475.0
328499.14285714284
330507.28571428574
332546.4285714286
334615.4285714286
336699.4285714286
338888.4285714286
341182.28571428574
343513.14285714284
345868.5714285714
348178.28571428574
350491.14285714284
352884.28571428574
355228.28571428574
357634.0
359949.71428571426
362292.28571428574
364651.4285714286
367077.4285714286
369396.4285714286
371362.14285714284
373179.4285714286
375083.28571428574
377001.14285714284
378952.85714285716
380947.5714285714
383111.0
385367.5714285714
387785.85714285716
390217.85714285716
392614.4285714286
394776.28571428574
396557.4285714286
398337.28571428574
400460.14285714284
402590.14285714284
404660.4285714286
406739.28571428574
409167.4285714286
411973.5714285714
414630.5714285714
417420.71428571426
420152.71428571426
422954.4285714286
425773.0
428583.5714285714
431335.85714285716
434139.85714285716
436747.0
439298.5714285714
441765.71428571426
444181.71428571426
446462.85714285716
448466.0
450375.85714285716
452196.4285714286
454037.4285714286
455822.85714285716
457597.14285714284
459349.0
461237.71428571426
463137.14285714284
465048.14285714284
466681.5714285714
468358.85714285716
470041.5714285714
471562.5714285714
473124.28571428574
474621.71428571426
475994.71428571426
477575.28571428574
479053.14285714284
480539.71428571426
481932.4285714286
483359.0
484825.5714285714
486364.0
487722.85714285716
489114.4285714286
490482.71428571426
491974.5714285714
493339.4285714286
494672.85714285716
495953.5714285714
497337.5714285714
498729.0
500106.71428571426
501482.4285714286
502871.0
504215.4285714286
505522.85714285716
506804.28571428574
508107.5714285714
509420.28571428574
510737.0
511966.71428571426
513219.4285714286
514497.28571428574
515767.28571428574
517026.0
518312.4285714286
519549.14285714284
520819.5714285714
522060.28571428574
523286.85714285716
524504.2857142857
525695.4285714285
526872.1428571428
528085.1428571428
529274.1428571428
530462.0
531666.8571428572
532883.4285714285
534141.7142857143
535409.2857142857
536717.5714285715
538040.1428571428
539338.2857142857
540628.7142857143
541949.8571428572
543222.1428571428
544475.0
545578.2857142857
546564.4285714285
547402.5714285715
548027.2857142857
548439.4285714285
548803.5714285715
549114.1428571428
549328.5714285715
549473.8571428572
550219.5714285715
551482.5714285715
552777.4285714285
554073.5714285715
555374.5714285715
556705.7142857143
558062.2857142857
558822.0
559101.8571428572
559364.1428571428
559627.2857142857
559888.0
560157.2857142857
560411.1428571428
560681.0
560928.5714285715
561184.0
561436.0
561694.4285714285
561975.8571428572
562266.0
562525.5714285715
562795.1428571428
563083.4285714285
563364.7142857143
563633.8571428572
563818.5714285715
563969.2857142857
564161.5714285715
564354.5714285715
564508.8571428572
564681.8571428572
564860.0
565088.8571428572
565372.7142857143
565655.4285714285
565944.7142857143
566272.1428571428
566577.8571428572
566884.0
567186.8571428572
567451.1428571428
567684.5714285715
567920.4285714285
568130.5714285715
568343.5714285715
568550.8571428572
568719.2857142857
568871.1428571428
569035.2857142857
569175.8571428572
569316.0
569454.8571428572
569592.0
569744.0
569911.8571428572
570069.5714285715
570239.7142857143
570395.5714285715
570565.7142857143
570742.2857142857
570905.0
571103.2857142857
571303.1428571428
571495.8571428572
571693.1428571428
571877.8571428572
572058.1428571428
572276.2857142857
572456.2857142857
572623.8571428572
572774.1428571428
572921.7142857143
573070.0
573218.8571428572
573368.4285714285
573517.1428571428
573652.1428571428
573789.8571428572
573924.8571428572
574070.5714285715
574215.1428571428
574328.0
574447.1428571428
574578.7142857143
574715.1428571428
574832.8571428572
574935.8571428572
575036.4285714285
575117.5714285715
575172.2857142857
575200.0
575214.4285714285
575229.2857142857
575244.5714285715
575259.8571428572
575275.1428571428
575290.4285714285
575309.7142857143
575315.5714285715
575321.5714285715
575327.8571428572
575334.1428571428
575344.5714285715
575355.0
575451.5714285715
575574.1428571428
